# book_font.txt —— 由 gen_font_atlas.ps1 生成，勿手改
# 格式： code x y w h advance
atlas 172 114
lineH 19
32 0 0 14 19 4
33 14 0 11 19 4
34 25 0 9 19 6
35 34 0 9 19 9
36 43 0 10 19 8
37 53 0 12 19 12
38 65 0 12 19 12
39 77 0 14 19 4
40 91 0 10 19 5
41 101 0 8 19 5
42 109 0 8 19 6
43 117 0 10 19 10
44 127 0 10 19 4
45 137 0 13 19 6
46 150 0 11 19 4
47 161 0 11 19 6
48 0 19 14 19 8
49 14 19 11 19 8
50 25 19 9 19 8
51 34 19 9 19 8
52 43 19 10 19 8
53 53 19 12 19 8
54 65 19 12 19 8
55 77 19 14 19 8
56 91 19 10 19 8
57 101 19 8 19 8
58 109 19 8 19 4
59 117 19 10 19 4
60 127 19 10 19 10
61 137 19 13 19 10
62 150 19 11 19 10
63 161 19 11 19 7
64 0 38 14 19 14
65 14 38 11 19 10
66 25 38 9 19 9
67 34 38 9 19 9
68 43 38 10 19 10
69 53 38 12 19 8
70 65 38 12 19 7
71 77 38 14 19 10
72 91 38 10 19 10
73 101 38 8 19 4
74 109 38 8 19 5
75 117 38 10 19 9
76 127 38 10 19 7
77 137 38 13 19 13
78 150 38 11 19 11
79 161 38 11 19 11
80 0 57 14 19 8
81 14 57 11 19 11
82 25 57 9 19 9
83 34 57 9 19 8
84 43 57 10 19 8
85 53 57 12 19 10
86 65 57 12 19 9
87 77 57 14 19 14
88 91 57 10 19 9
89 101 57 8 19 8
90 109 57 8 19 8
91 117 57 10 19 5
92 127 57 10 19 6
93 137 57 13 19 5
94 150 57 11 19 10
95 161 57 11 19 6
96 0 76 14 19 4
97 14 76 11 19 8
98 25 76 9 19 9
99 34 76 9 19 7
100 43 76 10 19 9
101 53 76 12 19 8
102 65 76 12 19 5
103 77 76 14 19 9
104 91 76 10 19 8
105 101 76 8 19 4
106 109 76 8 19 4
107 117 76 10 19 7
108 127 76 10 19 4
109 137 76 13 19 13
110 150 76 11 19 8
111 161 76 11 19 9
112 0 95 14 19 9
113 14 95 11 19 9
114 25 95 9 19 5
115 34 95 9 19 6
116 43 95 10 19 5
117 53 95 12 19 8
118 65 95 12 19 7
119 77 95 14 19 11
120 91 95 10 19 7
121 101 95 8 19 7
122 109 95 8 19 7
123 117 95 10 19 5
124 127 95 10 19 4
125 137 95 13 19 5
126 150 95 11 19 10
